1;1591640676758;1260;570320;5952;9.304704999999998;0.698293;66.404;1591641256769
2;1591641256769;3441;625;625;239957;3820;8.53372;0.319444;66.2247;1591641504688
3;1591641504688;3207;256;256;99878;3224;9.854930000000001;0.975703;66.2557;1591641611638
4;1591641611638;3206;221;221;84794;3382;8.360295;0.23838499999999999;66.476;1591641703356
5;1591641703356;3578;83;83;31012;3391;7.753560000000001;0.284848;66.5235;1591641741939
6;1591641741939;3271;117;117;43537;3305;8.911850000000001;2.5851200000000003;66.3678;1591641792440
7;1591641792440;3193;96;96;34991;3298;7.646739999999999;0.645584;66.7353;1591641834281
8;1591641834281;3258;91;91;32757;3316;6.897824999999999;3.9938000000000002;66.7366;1591641873986
9;1591641873986;3246;106;106;38198;3402;6.54212;0.383023;66.7657;1591641919190
10;1591641919190;3262;50;50;17909;3242;8.263395;0.144928;66.6614;1591641944175
11;1591641944175;3310;38;38;14255;3381;7.776045;0.478632;66.7;1591641965656
12;1591641965656;3555;75;75;30373;3253;9.959404999999999;0.252381;66.4938;1591642003283
13;1591642003283;3286;73;73;28262;3250;9.810195;1.0319500000000001;66.537;1591642038446
14;1591642038446;3170;39;39;14784;3332;9.78968;0.144928;66.8349;1591642060141
15;1591642060141;3273;38;38;14420;3405;8.08775;0.42207800000000006;66.5785;1591642081752
16;1591642081753;3332;89;89;32770;3340;7.984895;0.128205;66.6908;1591642121563
17;1591642121564;3236;95;95;34829;3491;8.45903;0.777232;66.5101;1591642163634
18;1591642163635;3059;101;101;36632;3525;7.040350000000001;0.0;66.6569;1591642207191
19;1591642207191;3019;97;97;35274;3662;7.01302;0.24314800000000003;66.8601;1591642249467
20;1591642249467;3040;48;48;17252;3738;6.387334999999999;0.29012299999999996;66.6494;1591642273820
21;1591642273820;3117;60;60;21685;3616;6.925995;0.133333;66.134;1591642302608
22;1591642302608;3053;49;49;17094;3654;8.86712;2.55177;66.5107;1591642326745
23;1591642326746;3219;46;46;17393;3671;5.877504999999999;0.123457;66.5819;1591642351547
24;1591642351548;3118;93;93;33704;3415;7.753560000000001;4.05272;66.6066;1591642392084
25;1591642392084;3485;100;100;36422;3454;8.11215;4.9168400000000005;66.656;1591642435767
26;1591642435767;3462;88;88;33406;3387;6.358585;2.2275;66.2161;1591642476367
27;1591642476367;3648;104;104;37838;3382;7.619629999999999;0.353342;66.2464;1591642521656
28;1591642521656;3456;104;104;37756;3596;6.57307;3.3052900000000003;66.4197;1591642566778
29;1591642566778;3395;47;47;17221;3463;7.350719999999999;0.128205;66.3808;1591642591190
30;1591642591190;3004;99;99;36012;3605;7.375735;1.88509;66.3597;1591642634131
31;1591642634131;3031;93;93;34195;3709;7.802200000000001;0.24314800000000003;66.8907;1591642675408
32;1591642675408;3005;56;56;20490;3710;7.350719999999999;0.0;66.4509;1591642702972
33;1591642702972;3125;34;34;13007;3685;8.772454999999999;4.05884;66.7224;1591642723097
34;1591642723098;3114;33;33;12703;3238;9.93946;2.6134999999999997;66.8;1591642742469
35;1591642742469;3544;33;33;12616;3319;8.009865;0.344939;66.8364;1591642762458
36;1591642762458;3277;67;67;24698;3399;7.700465000000001;1.62569;66.6661;1591642794183
37;1591642794184;3074;89;89;32871;3748;9.93946;3.64159;66.6994;1591642834243
38;1591642834244;3209;89;89;32738;3366;7.564925000000001;2.2930099999999998;66.8874;1591642874072
39;1591642874073;3621;47;47;17118;3434;6.510930000000001;1.4341700000000002;66.4543;1591642898599
40;1591642898600;3441;47;47;16755;3523;6.603765;0.494885;66.6419;1591642922641
41;1591642922641;3069;45;45;16764;3789;6.869435;0.0;66.4742;1591642946584
42;1591642946584;3173;48;48;17147;3309;7.124905000000001;2.51218;66.879;1591642970555
43;1591642970555;3602;47;47;16918;3206;6.387334999999999;0.0;66.6616;1591642994787
44;1591642994788;3089;47;47;16613;3912;7.040350000000001;1.4381899999999999;66.3436;1591643018755
45;1591643018755;3163;46;46;16727;3369;8.3871;0.211752;66.396;1591643042529
46;1591643042529;3667;47;47;17008;3180;7.646739999999999;0.578573;66.3604;1591643066718
47;1591643066718;3461;49;49;17566;3423;7.9345300000000005;1.10924;66.4449;1591643091504
48;1591643091505;3080;49;49;17423;3936;6.263204999999999;0.0;66.5832;1591643116454
49;1591643116454;3179;50;50;18184;3266;7.432835;1.65969;66.312;1591643141394
50;1591643141394;3002;50;50;17806;4149;7.7270900000000005;0.138889;66.4223;1591643166675
51;1591643166675;3133;49;49;17807;4020;7.040350000000001;1.41169;66.3042;1591643191992
52;1591643191994;3077;49;49;17872;3314;8.286845;3.4043799999999997;66.4726;1591643216625
53;1591643216626;3585;44;44;16939;3157;9.371765;0.138889;66.7662;1591643240650
54;1591643240650;3072;44;44;17265;3532;8.96005;0.0;66.7824;1591643264835
55;1591643264835;3117;47;47;18114;3322;8.86712;0.150657;66.3791;1591643289753
56;1591643289754;3112;49;49;18188;3858;6.925995;1.16506;66.1764;1591643315247
57;1591643315248;3166;54;54;19713;3276;8.13641;0.0689655;66.5786;1591643341755
58;1591643341755;3524;53;53;19247;3293;7.237425;3.17315;66.5086;1591643368163
59;1591643368163;3063;54;54;19788;3856;7.155220000000001;2.84568;66.2672;1591643395197
60;1591643395198;3134;53;53;19065;3301;7.432835;0.123457;66.2255;1591643421068
61;1591643421068;3629;53;53;18861;3496;7.01302;0.5420659999999999;66.1496;1591643447395
62;1591643447396;3232;50;50;18271;3385;8.13641;1.6794099999999998;66.2967;1591643472625
63;1591643472626;3746;51;51;18445;3426;7.909135000000001;0.529543;66.6056;1591643498589
64;1591643498589;3070;51;51;18319;3960;7.07126;0.0;66.3169;1591643524267
65;1591643524268;3092;53;53;19088;3299;5.569694999999999;0.0;66.271;1591643550075
66;1591643550075;3690;56;56;20284;3263;6.78294;0.40123499999999995;66.4878;1591643577655
67;1591643577655;3188;53;53;19318;3975;7.040350000000001;0.119048;66.422;1591643604446
68;1591643604446;3234;53;53;19627;3405;6.325825;0.401718;66.4204;1591643631215
69;1591643631215;3104;49;49;19439;3948;9.282129999999999;1.56465;66.6408;1591643658008
70;1591643658009;3162;49;49;19660;3501;9.481725;0.283816;66.3893;1591643684664
71;1591643684664;3616;48;48;19619;3537;9.875175;0.278261;67.1622;1591643711737
72;1591643711738;3151;49;49;19283;3844;7.95979;0.29550000000000004;66.2855;1591643738357
73;1591643738358;3416;47;47;19177;3446;9.919435;0.25679;66.7718;1591643764696
74;1591643764696;3481;49;49;19507;4970;9.765155;0.138889;66.5498;1591643793212
75;1591643793212;3327;50;50;18475;3576;7.07126;1.04605;66.5982;1591643818936
76;1591643818936;3035;56;56;20474;4080;7.098180000000001;2.09483;66.3299;1591643846858
77;1591643846858;3315;53;53;19775;3386;8.50765;0.16512300000000002;66.3931;1591643873640
78;1591643873641;3774;60;60;21874;3743;6.9539550000000006;0.08;66.1583;1591643903357
79;1591643903357;3211;56;56;20645;3265;8.72252;0.5528080000000001;66.3678;1591643930829
80;1591643930829;3963;66;66;24808;3434;7.700465000000001;1.06587;66.3676;1591643963349
81;1591643963349;3105;60;60;21823;3342;9.027655;0.6920029999999999;66.3899;1591643991991
82;1591643991991;4013;60;60;21744;3602;6.63422;1.77451;66.5934;1591644021653
83;1591644021654;3199;70;70;25686;3950;7.350719999999999;1.19839;66.6284;1591644054828
84;1591644054828;3394;62;62;22546;3449;7.155220000000001;2.2781800000000003;66.2551;1591644084532
85;1591644084532;3138;66;66;25189;4500;7.321725000000001;0.0;66.3941;1591644117719
86;1591644117720;3252;64;64;24785;3264;9.349525;2.70852;66.5915;1591644149331
87;1591644149331;3174;71;71;26178;4328;6.199465;0.384615;66.6697;1591644183366
88;1591644183366;3364;57;57;21999;3773;9.959404999999999;1.3942700000000001;66.5911;1591644212831
89;1591644212831;3155;64;64;25218;4276;9.959404999999999;0.25679;66.6999;1591644245791
90;1591644245791;3218;64;64;24195;3484;9.00392;2.75556;66.4387;1591644277022
91;1591644277023;3094;60;60;22377;4245;8.842645;1.1281599999999998;66.6584;1591644307058
92;1591644307058;3365;64;64;23635;3414;8.676015000000001;1.7998500000000002;66.5937;1591644337774
93;1591644337774;3090;64;64;23192;3816;7.155220000000001;0.348933;66.5435;1591644368197
94;1591644368198;4104;66;66;24091;3700;7.211480000000001;0.0;66.431;1591644400442
95;1591644400443;3075;66;66;24266;3394;9.19097;1.99451;66.4989;1591644431495
96;1591644431495;3996;62;62;22228;3391;7.07126;0.242504;66.1068;1591644461661
97;1591644461661;3210;103;103;38672;3380;9.875175;1.2772999999999999;66.3579;1591644507247
98;1591644507247;4214;112;112;40919;3643;7.51337;0.0;66.6892;1591644556328
99;1591644556328;3272;60;60;22939;3449;9.57202;1.9152900000000002;66.4087;1591644586345
100;1591644586345;3086;111;111;43927;3901;9.854930000000001;0.546387;66.8638;1591644637564
101;1591644637564;3196;68;68;26647;3491;9.765155;0.267094;66.6425;1591644671226
102;1591644671226;3012;148;148;58239;4313;9.744465;0.0;66.6373;1591644737106
103;1591644737106;3227;148;148;57150;3464;9.098275000000001;0.765113;66.4352;1591644801260
104;1591644801260;3070;144;144;52483;4320;7.321725000000001;0.5673229999999999;66.3489;1591644861445
105;1591644861445;3118;153;153;55693;3410;8.286845;2.04211;66.433;1591644923958
106;1591644923958;3053;73;73;26568;3356;8.53372;3.6896699999999996;66.47;1591644957456
107;1591644957456;3975;76;76;27787;3447;7.9345300000000005;0.252091;66.4576;1591644993016
108;1591644993017;3188;140;140;51342;3405;7.909135000000001;0.242504;66.2762;1591645051277
109;1591645051277;3767;133;133;48962;3666;7.8578850000000005;0.04;66.1494;1591645108028
110;1591645108028;3129;74;74;26928;3351;6.233345;0.49450500000000003;66.5233;1591645141737
111;1591645141737;4072;74;74;26898;3714;7.2925450000000005;0.48148599999999997;66.1099;1591645176777
112;1591645176777;3122;175;175;64074;3892;7.8578850000000005;0.111111;66.3896;1591645248175
113;1591645248175;3135;170;170;63104;4468;9.12162;3.50685;66.7168;1591645319229
114;1591645319229;3413;157;157;59899;3512;9.744465;2.8836899999999996;66.3688;1591645386576
115;1591645386576;3184;154;154;58237;3538;8.45903;0.479885;66.8735;1591645451892
116;1591645451892;4196;76;76;28918;3599;8.72252;0.267094;66.5839;1591645488918
117;1591645488918;3203;115;115;42509;3306;8.96005;1.96956;66.491;1591645538276
118;1591645538277;3036;75;75;29554;4474;9.503454999999999;3.5050600000000003;66.7744;1591645575672
119;1591645575672;3243;87;87;32366;3358;8.747544999999999;0.443518;66.373;1591645614975
120;1591645614975;3136;171;171;63841;4550;7.753560000000001;4.17634;66.6801;1591645686843
121;1591645686843;3410;178;178;65911;3791;6.720390000000001;2.93521;66.7117;1591645760279
122;1591645760280;3165;153;153;57930;3366;8.11215;0.142857;66.4977;1591645825081
123;1591645825081;4129;169;169;62366;3695;7.51337;0.08;66.2663;1591645895593
124;1591645895593;3269;167;167;62419;3617;7.155220000000001;0.852031;66.5257;1591645965212
125;1591645965212;3112;82;82;30310;4334;7.124905000000001;0.0;66.2934;1591646003292
126;1591646003292;3375;176;176;64665;3639;7.909135000000001;0.0;66.3501;1591646075308
127;1591646075308;3155;171;171;60207;3532;6.9539550000000006;3.64127;66.0858;1591646142518
128;1591646142518;4258;113;113;40353;3802;4.15178;0.41077400000000003;66.0267;1591646191265
129;1591646191265;3324;82;82;30295;3387;8.009865;2.9312899999999997;66.371;1591646228579
130;1591646228579;3084;84;84;30824;4538;7.211480000000001;0.9405290000000001;66.171;1591646267365
131;1591646267365;3427;84;84;30816;3575;8.16054;0.5408419999999999;66.5386;1591646305690
132;1591646305691;3207;149;149;56035;3457;6.07219;0.343938;66.6157;1591646368735
133;1591646368735;4359;187;187;69414;3897;9.67798;4.38126;66.7411;1591646446716
134;1591646446716;3247;169;169;63336;3699;7.776045;1.50509;66.6544;1591646517372
135;1591646517372;3182;84;84;30761;4533;7.040350000000001;0.128205;66.5328;1591646556193
136;1591646556193;3369;83;83;30816;3748;9.236740000000001;4.19638;66.4759;1591646594431
137;1591646594432;3220;87;87;31696;3609;9.546645000000002;0.119048;66.487;1591646633301
138;1591646633301;3118;78;78;29939;5332;8.911850000000001;1.9371800000000001;65.9927;1591646672023
139;1591646672023;3299;78;78;30878;3503;7.95979;0.252381;66.5068;1591646710029
140;1591646710029;3211;74;74;28930;3424;9.304704999999998;0.242504;67.0455;1591646745891
141;1591646745891;4327;75;75;29909;3702;9.25951;0.379867;66.7416;1591646784136
142;1591646784136;3369;78;78;29398;3620;8.3871;0.0416667;66.3484;1591646820890
143;1591646820890;3201;78;78;30807;4517;9.656979999999999;2.74943;66.8521;1591646859741
144;1591646859741;3502;78;78;30086;3468;8.81806;0.305824;66.4744;1591646897117
145;1591646897117;3122;78;78;29663;3461;9.371765;0.295669;66.1953;1591646933675
146;1591646933675;3142;78;78;29428;4771;8.96005;2.02272;66.4708;1591646971316
147;1591646971317;3339;80;80;29188;3601;9.282129999999999;1.40787;66.534;1591647007737
148;1591647007738;3198;78;78;29902;3726;8.31017;1.39501;66.3496;1591647044904
149;1591647044904;3262;83;83;30565;4807;6.510930000000001;3.1738299999999997;66.3328;1591647084064
150;1591647084064;3259;84;84;30986;3653;7.485425000000001;0.783077;66.2649;1591647122317
151;1591647122317;3387;84;84;30672;3474;7.984895;0.205128;66.6821;1591647160237
152;1591647160238;4512;79;79;29046;3759;7.350719999999999;0.266667;66.4435;1591647197893
153;1591647197893;3233;85;85;31592;3649;9.236740000000001;0.0;66.5417;1591647236673
154;1591647236674;3225;78;78;30166;3389;8.034685;0.0;66.7174;1591647273762
155;1591647273762;4417;78;78;30508;3798;9.41602;0.0;66.4503;1591647312785
156;1591647312785;3220;78;78;30554;3526;9.327135;3.33467;66.661;1591647350380
157;1591647350381;3183;78;78;34230;3445;9.236740000000001;2.25998;66.5638;1591647391758
158;1591647391758;4613;86;86;31524;3750;8.33723;1.63052;66.6046;1591647431986
159;1591647431986;3222;84;84;31005;3638;7.432835;3.72433;66.648;1591647470223
160;1591647470223;3144;85;85;30729;4647;8.629055;1.65564;66.3925;1591647509068
161;1591647509068;3502;85;85;31625;3754;7.753560000000001;1.79197;66.1567;1591647548253
162;1591647548254;3264;83;83;29981;3496;7.321725000000001;4.90477;66.5052;1591647585323
163;1591647585324;3281;84;84;30612;4620;9.21393;1.0737;66.5639;1591647624146
164;1591647624146;3608;86;86;31411;3721;7.95979;0.36185599999999996;66.0233;1591647663246
165;1591647663246;3407;80;80;29905;3675;9.00392;2.23807;66.721;1591647700757
166;1591647700757;3120;79;79;32685;4523;9.57202;0.0;66.6128;1591647741422
167;1591647741423;3779;80;80;31706;3864;9.959404999999999;3.43339;66.7997;1591647781095
168;1591647781095;3402;80;80;31857;3578;9.983244999999998;0.133333;66.7625;1591647820467
169;1591647820468;3093;82;82;30837;3498;8.676015000000001;0.730384;66.6066;1591647858210
170;1591647858210;4953;88;88;32615;3786;7.040350000000001;0.252381;66.5905;1591647899883
171;1591647899884;3342;86;86;31553;3492;7.2925450000000005;0.5694140000000001;66.4839;1591647938622
172;1591647938622;3224;89;89;33046;3616;7.01302;0.0;66.4539;1591647979090
173;1591647979090;4256;91;91;32885;4109;7.211480000000001;4.54098;66.2154;1591648020704
174;1591648020704;3297;93;93;33785;3701;8.629055;3.6091699999999998;66.4059;1591648061794
175;1591648061795;3405;91;91;32849;3495;9.074835;0.297253;66.3839;1591648101860
176;1591648101860;4211;90;90;32816;3987;9.236740000000001;4.7348099999999995;66.2419;1591648143227
177;1591648143228;3361;91;91;32994;3695;7.984895;1.2435999999999998;66.2061;1591648183617
178;1591648183618;3284;88;88;32368;3411;7.51337;0.423737;66.4041;1591648223074
179;1591648223075;3190;90;90;32647;4889;7.592365000000001;0.11428600000000001;66.3764;1591648264158
180;1591648264158;3541;92;92;34631;3653;8.911850000000001;2.1827900000000002;66.6218;1591648306287
181;1591648306287;3197;93;93;34036;3483;7.237425;0.6164499999999999;66.2735;1591648347313
182;1591648347314;3094;93;93;34534;4635;7.9345300000000005;0.379867;66.2429;1591648389929
183;1591648389929;3643;94;94;34791;3845;9.503454999999999;2.51813;66.5764;1591648432563
184;1591648432563;3362;99;99;37222;3552;8.983995;0.8084589999999999;66.5055;1591648477237
185;1591648477238;3273;97;97;35963;3296;9.00392;1.58363;66.46;1591648520136
186;1591648520136;4606;91;91;33407;3819;9.144815000000001;0.290731;66.4833;1591648562282
187;1591648562282;3446;94;94;34812;3618;9.074835;1.18367;66.2556;1591648604496
188;1591648604496;3259;93;93;34232;3594;9.810195;1.48741;66.4187;1591648645895
189;1591648645895;3083;99;99;35463;4925;7.155220000000001;1.75269;65.9515;1591648689673
190;1591648689673;3400;93;93;33321;3515;8.45903;2.45282;66.4055;1591648730266
191;1591648730267;3218;93;93;33817;3559;6.419559999999999;0.485652;66.2765;1591648771166
192;1591648771166;3097;99;99;37156;4521;6.985479999999999;0.145341;66.3983;1591648816254
193;1591648816254;3830;161;161;65024;4420;8.86712;4.24366;66.3124;1591648890116
194;1591648890117;3731;161;161;64813;3649;9.983244999999998;0.9103389999999999;66.1647;1591648962666
195;1591648962666;3142;102;102;38030;3353;9.25951;0.851662;66.1809;1591649007565
196;1591649007565;4661;158;158;58950;4035;8.063205000000002;2.4762;66.3993;1591649075557
197;1591649075557;3456;105;105;39189;3775;6.75366;0.231583;66.3873;1591649122309
198;1591649122310;3301;188;188;71637;3532;9.027655;0.111111;66.2622;1591649201121
199;1591649201122;3228;194;194;71903;5188;9.765155;0.0357143;66.4345;1591649281797
200;1591649281799;3707;192;192;70973;3918;7.01302;0.994045;66.4742;1591649360707
201;1591649360707;3368;197;197;72901;3594;8.72252;1.91453;66.4486;1591649440891
202;1591649440891;3212;103;103;38518;3564;6.510930000000001;0.12085900000000001;66.2845;1591649486515
203;1591649486515;4590;111;111;38817;4090;6.812;1.5645499999999999;66.5517;1591649534332
204;1591649534332;3627;180;180;67245;3782;9.503454999999999;1.69866;66.3018;1591649609298
205;1591649609298;3263;165;165;61936;3571;8.629055;0.560464;66.3848;1591649678383
206;1591649678383;3203;96;96;35284;4918;8.009865;0.827988;65.9728;1591649722117
207;1591649722117;3703;98;98;36301;4019;9.25951;1.0760399999999999;66.3066;1591649766646
208;1591649766646;3341;184;184;71808;3537;7.673685;0.0;66.5715;1591649845650
209;1591649845650;3173;196;196;73332;3409;9.723685;3.2735399999999997;66.6394;1591649925883
210;1591649925884;4570;203;203;75492;4311;9.236740000000001;0.0;66.5326;1591650010611
211;1591650010611;3460;196;196;74044;4079;7.95979;1.15941;66.1716;1591650092514
212;1591650092515;3259;102;102;37930;3380;9.12162;2.15774;66.253;1591650137428
213;1591650137429;3130;135;135;50856;3571;9.349525;3.38511;66.4519;1591650195375
214;1591650195376;4979;93;93;34266;4195;8.034685;0.151515;66.5376;1591650239166
215;1591650239167;3467;101;101;37824;3838;8.81806;3.1950899999999995;65.9654;1591650284871
216;1591650284871;3343;191;191;71194;3657;8.16054;3.4380300000000004;66.6235;1591650363404
217;1591650363404;3299;202;202;75190;4902;8.887595000000001;0.903549;66.7707;1591650447129
218;1591650447129;3759;186;186;69062;4007;8.45903;0.507802;66.0812;1591650524251
219;1591650524252;3366;192;192;71513;3737;5.741035;0.272222;66.5033;1591650603225
220;1591650603225;3296;201;201;75391;3864;7.564925000000001;0.07407409999999999;66.4445;1591650686293
221;1591650686293;3142;100;100;37465;5221;7.155220000000001;0.119048;66.3936;1591650732428
222;1591650732428;3686;201;201;75173;3980;9.304704999999998;0.857555;66.5865;1591650815600
223;1591650815601;3305;183;183;74839;3892;8.212225;0.144928;66.4264;1591650897978
224;1591650897978;3244;132;132;50258;3372;8.13641;0.339744;66.4612;1591650955170
225;1591650955170;3123;98;98;37259;5559;8.581620000000001;0.20353;66.1005;1591651001441
226;1591651001441;3476;100;100;37082;3792;6.358585;0.292707;66.488;1591651046102
227;1591651046102;3443;100;100;36817;3588;9.78968;3.79146;66.3846;1591651090269
228;1591651090269;3214;171;171;64960;3456;8.485335;0.0;66.4325;1591651162246
229;1591651162246;4618;209;209;77348;4271;9.167965;1.60341;66.3154;1591651248853
230;1591651248853;3554;199;199;76685;4005;7.098180000000001;0.144928;66.2985;1591651333607
231;1591651333609;3505;98;98;37538;3947;9.635840000000002;3.92308;66.5097;1591651379038
232;1591651379039;3283;99;99;37281;3453;6.812;0.047618999999999995;66.3561;1591651423372
233;1591651423373;3077;96;96;36453;5725;8.96005;2.7918700000000003;66.4145;1591651468952
234;1591651468953;3412;94;94;34922;3765;6.63422;0.272222;66.2228;1591651511393
235;1591651511393;3305;92;92;35778;3542;9.327135;0.932063;66.5916;1591651554358
236;1591651554358;3212;88;88;35847;3319;9.723685;2.17986;66.6484;1591651597078
237;1591651597078;4696;91;91;35915;4216;9.21393;2.2777;66.4939;1591651642263
238;1591651642263;3528;100;100;37239;3879;8.485335;1.87516;66.5575;1591651687235
239;1591651687235;3433;92;92;36569;3751;7.95979;0.25641;66.4448;1591651731341
240;1591651731341;3331;94;94;35657;3302;9.656979999999999;0.8151729999999999;66.777;1591651773933
241;1591651773933;3102;102;102;38892;5726;8.797260000000001;2.56666;66.3885;1591651821982
242;1591651821982;3436;104;104;38648;4474;9.78968;3.96507;66.591;1591651868835
243;1591651868836;3509;98;98;37494;3725;8.60346;1.7069899999999998;66.2666;1591651913903
244;1591651913904;3298;95;95;35007;3501;6.419559999999999;0.038461499999999996;66.3139;1591651956052
245;1591651956053;3111;97;97;35712;5570;7.646739999999999;0.349206;66.2645;1591652000783
246;1591652000783;3533;100;100;35874;4084;7.646739999999999;0.306846;66.3582;1591652044596
247;1591652044596;3506;93;93;34766;3599;7.541139999999999;0.11494299999999999;66.3352;1591652086831
248;1591652086831;3269;94;94;35234;3485;7.802200000000001;4.09316;66.2545;1591652129135
249;1591652129135;3108;99;99;37529;5617;9.723685;4.19387;66.4304;1591652175693
250;1591652175695;3643;99;99;37713;4012;8.3871;0.0;66.2605;1591652221372
251;1591652221372;3500;90;90;35241;3905;9.546645000000002;2.38288;66.2835;1591652264356
252;1591652264356;3678;90;90;35171;3560;9.546645000000002;1.6154899999999999;66.513;1591652307175
253;1591652307175;3193;92;92;36040;4996;8.747544999999999;1.2357500000000001;66.5843;1591652351726
254;1591652351726;3789;98;98;36711;4110;6.985479999999999;0.0344828;66.1363;1591652396899
255;1591652396899;3382;102;102;38888;3805;9.744465;4.99651;66.6138;1591652443315
256;1591652443315;3338;96;96;35984;3444;9.765155;1.07995;66.4692;1591652486460
257;1591652486460;3287;101;101;37473;3473;8.43646;1.5082099999999998;66.1352;1591652531070
258;1591652531071;5431;98;98;36778;4293;8.188375;2.3704;66.4291;1591652577903
259;1591652577904;3423;89;89;34839;3752;9.744465;2.22096;66.5901;1591652620438
260;1591652620439;3356;92;92;37681;3580;8.96005;0.49897800000000003;66.651;1591652665418
261;1591652665418;3331;91;91;36270;3631;9.074835;0.0;66.5555;1591652708983
262;1591652708984;4997;84;84;34060;4523;9.327135;0.0769231;66.9633;1591652752906
263;1591652752906;3566;92;92;37140;3932;9.19097;0.0357143;66.4368;1591652797867
264;1591652797867;3414;102;102;38605;3647;8.212225;2.15497;66.101;1591652843864
265;1591652843865;3265;94;94;35654;3463;9.810195;1.8322100000000001;66.4328;1591652886622
266;1591652886623;3155;91;91;35909;5463;9.371765;3.07775;66.3169;1591652931486
267;1591652931486;3836;104;104;38752;4214;8.33723;1.8889300000000002;66.1781;1591652978613
268;1591652978614;3481;98;98;36490;3931;8.188375;1.05642;66.4028;1591653023017
269;1591653023018;3366;89;89;34343;3692;9.051295000000001;0.378876;66.6714;1591653064758
270;1591653064759;3564;102;102;39250;3562;9.810195;4.003550000000001;66.5164;1591653111483
271;1591653111483;5631;90;90;34708;4424;9.744465;0.119048;66.6512;1591653156596
272;1591653156596;3503;92;92;35289;3881;7.155220000000001;1.0772300000000001;66.4484;1591653199799
273;1591653199799;3337;92;92;39105;3669;9.546645000000002;0.0416667;66.7585;1591653246252
274;1591653246252;3193;92;92;35365;3453;8.263395;0.0357143;66.4104;1591653288618
275;1591653288619;3197;89;89;34138;6074;9.983244999999998;1.69238;66.5496;1591653332390
276;1591653332390;3863;94;94;34496;3832;8.11215;0.395679;66.1619;1591653375089
277;1591653375090;3391;92;92;35937;3906;8.911850000000001;0.353342;66.5822;1591653418657
278;1591653418658;3376;92;92;34177;3734;8.72252;0.183389;66.2108;1591653460284
279;1591653460284;3179;101;101;37434;3550;7.321725000000001;0.119048;66.5198;1591653504782
280;1591653504782;5601;93;93;33676;4275;8.747544999999999;3.49657;66.3018;1591653548708
281;1591653548709;3454;94;94;34362;3683;7.541139999999999;0.17037;66.4472;1591653590731
282;1591653590732;3337;104;104;37808;3631;6.812;0.138889;66.2642;1591653635840
283;1591653635841;3207;99;99;37262;3465;8.72252;1.6619499999999998;66.3858;1591653680085
284;1591653680085;3121;99;99;36567;5963;8.983995;3.58556;66.3485;1591653726076
285;1591653726077;3829;99;99;36475;4032;9.074835;1.6088200000000001;66.283;1591653770933
286;1591653770933;3484;93;93;35140;3811;8.72252;0.0;66.1922;1591653813718
287;1591653813719;3334;99;99;37222;3466;7.619629999999999;1.40079;66.1419;1591653858046
288;1591653858046;3278;95;95;35017;3396;8.96005;0.880656;66.0369;1591653900053
289;1591653900054;5462;155;155;57443;4604;6.10353;0.39730800000000005;66.4445;1591653967877
290;1591653967877;3551;156;156;58351;3929;6.664435;0.0416667;66.37;1591654034244
291;1591654034244;3323;101;101;37404;3732;8.50765;0.49996199999999996;66.3481;1591654079022
292;1591654079022;3360;165;165;61793;3695;7.211480000000001;0.119048;66.3702;1591654148205
293;1591654148207;3087;108;108;40426;5197;7.776045;0.905682;66.3322;1591654197226
294;1591654197226;3942;193;193;70369;4566;6.812;0.242504;65.9608;1591654276409
295;1591654276409;3471;197;197;73560;4008;9.919435;2.32;66.5783;1591654357781
296;1591654357782;3352;188;188;70000;3729;9.098275000000001;3.78965;66.4504;1591654435169
297;1591654435169;3320;194;194;72384;3458;9.43803;0.19824;66.4847;1591654514704
298;1591654514704;3182;100;100;37688;6173;9.895380000000001;2.24837;66.2536;1591654562072
299;1591654562072;3821;89;89;34348;4070;9.21393;2.0857;66.2594;1591654604641
300;1591654604642;3529;181;181;69645;3909;9.959404999999999;1.15625;66.4268;1591654682077

